yuwanttusiD6bUk
Cost(y) = 7.110696122978827

Cost(yu) = 10.329571947847027

Cost(u) = 7.110696122978827

Cost(yuw) = 13.548447772715228

Cost(uw) = 10.329571947847027

Cost(w) = 7.110696122978827

Cost(yuwa) = 16.76732359758343

Cost(uwa) = 13.548447772715228

Cost(wa) = 10.329571947847027

Cost(a) = 7.110696122978827

Cost(yuwan) = 19.98619942245163

Cost(uwan) = 16.76732359758343

Cost(wan) = 13.548447772715228

Cost(an) = 10.329571947847027

Cost(n) = 7.110696122978827

Cost(yuwant) = 23.20507524731983

Cost(uwant) = 19.98619942245163

Cost(want) = 16.76732359758343

Cost(ant) = 13.548447772715228

Cost(nt) = 10.329571947847027

Cost(t) = 7.110696122978827

Cost(yuwantt) = 26.423951072188032

Cost(uwantt) = 23.20507524731983

Cost(wantt) = 19.98619942245163

Cost(antt) = 16.76732359758343

Cost(ntt) = 13.548447772715228

Cost(tt) = 10.329571947847027

Cost(t) = 7.110696122978827

Cost(yuwanttu) = 29.64282689705623

Cost(uwanttu) = 26.423951072188032

Cost(wanttu) = 23.20507524731983

Cost(anttu) = 19.98619942245163

Cost(nttu) = 16.76732359758343

Cost(ttu) = 13.548447772715228

Cost(tu) = 10.329571947847027

Cost(u) = 7.110696122978827

Cost(yuwanttus) = 32.86170272192443

Cost(uwanttus) = 29.64282689705623

Cost(wanttus) = 26.423951072188032

Cost(anttus) = 23.20507524731983

Cost(nttus) = 19.98619942245163

Cost(ttus) = 16.76732359758343

Cost(tus) = 13.548447772715228

Cost(us) = 10.329571947847027

Cost(s) = 7.110696122978827

Cost(yuwanttusi) = 36.08057854679264

Cost(uwanttusi) = 32.86170272192443

Cost(wanttusi) = 29.64282689705623

Cost(anttusi) = 26.423951072188032

Cost(nttusi) = 23.20507524731983

Cost(ttusi) = 19.98619942245163

Cost(tusi) = 16.76732359758343

Cost(usi) = 13.548447772715228

Cost(si) = 10.329571947847027

Cost(i) = 7.110696122978827

Cost(yuwanttusiD) = 39.299454371660836

Cost(uwanttusiD) = 36.08057854679264

Cost(wanttusiD) = 32.86170272192443

Cost(anttusiD) = 29.64282689705623

Cost(nttusiD) = 26.423951072188032

Cost(ttusiD) = 23.20507524731983

Cost(tusiD) = 19.98619942245163

Cost(usiD) = 16.76732359758343

Cost(siD) = 13.548447772715228

Cost(iD) = 10.329571947847027

Cost(D) = 7.110696122978827

Cost(yuwanttusiD6) = 42.518330196529035

Cost(uwanttusiD6) = 39.299454371660836

Cost(wanttusiD6) = 36.08057854679264

Cost(anttusiD6) = 32.86170272192443

Cost(nttusiD6) = 29.64282689705623

Cost(ttusiD6) = 26.423951072188032

Cost(tusiD6) = 23.20507524731983

Cost(usiD6) = 19.98619942245163

Cost(siD6) = 16.76732359758343

Cost(iD6) = 13.548447772715228

Cost(D6) = 10.329571947847027

Cost(6) = 7.110696122978827

Cost(yuwanttusiD6b) = 45.737206021397235

Cost(uwanttusiD6b) = 42.518330196529035

Cost(wanttusiD6b) = 39.299454371660836

Cost(anttusiD6b) = 36.08057854679264

Cost(nttusiD6b) = 32.86170272192443

Cost(ttusiD6b) = 29.64282689705623

Cost(tusiD6b) = 26.423951072188032

Cost(usiD6b) = 23.20507524731983

Cost(siD6b) = 19.98619942245163

Cost(iD6b) = 16.76732359758343

Cost(D6b) = 13.548447772715228

Cost(6b) = 10.329571947847027

Cost(b) = 7.110696122978827

Cost(yuwanttusiD6bU) = 48.956081846265434

Cost(uwanttusiD6bU) = 45.737206021397235

Cost(wanttusiD6bU) = 42.518330196529035

Cost(anttusiD6bU) = 39.299454371660836

Cost(nttusiD6bU) = 36.08057854679264

Cost(ttusiD6bU) = 32.86170272192443

Cost(tusiD6bU) = 29.64282689705623

Cost(usiD6bU) = 26.423951072188032

Cost(siD6bU) = 23.20507524731983

Cost(iD6bU) = 19.98619942245163

Cost(D6bU) = 16.76732359758343

Cost(6bU) = 13.548447772715228

Cost(bU) = 10.329571947847027

Cost(U) = 7.110696122978827

we are at line: 0
