Cost(y) = 7.150701457592526
Cost(yu) = 10.389379909756908
Cost(u) = 7.150701457592526
Cost(yuw) = 13.628058361921287
Cost(uw) = 10.389379909756908
Cost(w) = 7.150701457592526
Cost(yuwa) = 16.86673681408567
Cost(uwa) = 13.628058361921287
Cost(wa) = 10.389379909756908
Cost(a) = 7.150701457592526
Cost(yuwan) = 20.10541526625005
Cost(uwan) = 16.86673681408567
Cost(wan) = 13.628058361921287
Cost(an) = 10.389379909756908
Cost(n) = 7.150701457592526
Cost(yuwant) = 23.344093718414427
Cost(uwant) = 20.10541526625005
Cost(want) = 16.86673681408567
Cost(ant) = 13.628058361921287
Cost(nt) = 10.389379909756908
Cost(t) = 7.150701457592526
Cost(yuwantt) = 26.58277217057881
Cost(uwantt) = 23.344093718414427
Cost(wantt) = 20.10541526625005
Cost(antt) = 16.86673681408567
Cost(ntt) = 13.628058361921287
Cost(tt) = 10.389379909756908
Cost(t) = 7.150701457592526
Cost(yuwanttu) = 29.82145062274319
Cost(uwanttu) = 26.58277217057881
Cost(wanttu) = 23.344093718414427
Cost(anttu) = 20.10541526625005
Cost(nttu) = 16.86673681408567
Cost(ttu) = 13.628058361921287
Cost(tu) = 10.389379909756908
Cost(u) = 7.150701457592526
Cost(yuwanttus) = 33.06012907490757
Cost(uwanttus) = 29.82145062274319
Cost(wanttus) = 26.58277217057881
Cost(anttus) = 23.344093718414427
Cost(nttus) = 20.10541526625005
Cost(ttus) = 16.86673681408567
Cost(tus) = 13.628058361921287
Cost(us) = 10.389379909756908
Cost(s) = 7.150701457592526
Cost(yuwanttusi) = 36.29880752707195
Cost(uwanttusi) = 33.06012907490757
Cost(wanttusi) = 29.82145062274319
Cost(anttusi) = 26.58277217057881
Cost(nttusi) = 23.344093718414427
Cost(ttusi) = 20.10541526625005
Cost(tusi) = 16.86673681408567
Cost(usi) = 13.628058361921287
Cost(si) = 10.389379909756908
Cost(i) = 7.150701457592526
Cost(yuwanttusiD) = 39.53748597923633
Cost(uwanttusiD) = 36.29880752707195
Cost(wanttusiD) = 33.06012907490757
Cost(anttusiD) = 29.82145062274319
Cost(nttusiD) = 26.58277217057881
Cost(ttusiD) = 23.344093718414427
Cost(tusiD) = 20.10541526625005
Cost(usiD) = 16.86673681408567
Cost(siD) = 13.628058361921287
Cost(iD) = 10.389379909756908
Cost(D) = 7.150701457592526
Cost(yuwanttusiD6) = 42.77616443140071
Cost(uwanttusiD6) = 39.53748597923633
Cost(wanttusiD6) = 36.29880752707195
Cost(anttusiD6) = 33.06012907490757
Cost(nttusiD6) = 29.82145062274319
Cost(ttusiD6) = 26.58277217057881
Cost(tusiD6) = 23.344093718414427
Cost(usiD6) = 20.10541526625005
Cost(siD6) = 16.86673681408567
Cost(iD6) = 13.628058361921287
Cost(D6) = 10.389379909756908
Cost(6) = 7.150701457592526
Cost(yuwanttusiD6b) = 46.014842883565095
Cost(uwanttusiD6b) = 42.77616443140071
Cost(wanttusiD6b) = 39.53748597923633
Cost(anttusiD6b) = 36.29880752707195
Cost(nttusiD6b) = 33.06012907490757
Cost(ttusiD6b) = 29.82145062274319
Cost(tusiD6b) = 26.58277217057881
Cost(usiD6b) = 23.344093718414427
Cost(siD6b) = 20.10541526625005
Cost(iD6b) = 16.86673681408567
Cost(D6b) = 13.628058361921287
Cost(6b) = 10.389379909756908
Cost(b) = 7.150701457592526
Cost(yuwanttusiD6bU) = 49.253521335729474
Cost(uwanttusiD6bU) = 46.014842883565095
Cost(wanttusiD6bU) = 42.77616443140071
Cost(anttusiD6bU) = 39.53748597923633
Cost(nttusiD6bU) = 36.29880752707195
Cost(ttusiD6bU) = 33.06012907490757
Cost(tusiD6bU) = 29.82145062274319
Cost(usiD6bU) = 26.58277217057881
Cost(siD6bU) = 23.344093718414427
Cost(iD6bU) = 20.10541526625005
Cost(D6bU) = 16.86673681408567
Cost(6bU) = 13.628058361921287
Cost(bU) = 10.389379909756908
Cost(U) = 7.150701457592526
yuwanttusiD6bUk 46.014842883565095
[0, 7.150701457592526, 7.150701457592526, 10.389379909756908, 13.628058361921287, 16.86673681408567, 20.10541526625005, 23.344093718414427, 26.58277217057881, 29.82145062274319, 33.06012907490757, 36.29880752707195, 39.53748597923633, 42.77616443140071, 46.014842883565095]
